
SHIMIZU  , 33  35 2 1100
 , 33  35 2 1100
=======================
WATANABE , 1234  1533 299 301000

TAKADA  , 3423  3712 289 286000

SUZUKI  , 123  232 109 63100

TOKOMO  , 234  345 111 64900
KAZUKI  , 233  344 111 64900
KOZUMI  , 111  223 112 65800
KAMIMURA , 321  432 111 64900
TAKEBASHI  , 221  334 113 66700
ADACHI  , 213  432 219 185960
=======================

OZUMI  , 124  432 308 318500

TAKEDA  , 334  653 319 340500
NAKADA  , 233  1222 989 1.6805e+006
NAKAMURA , 444  2323 1879 3.4605e+006
TADAMI  , 323  1111 788 1.2785e+006
KENTACHI  , 1234  2234 1000 1.7025e+006

SHIZUOKA  , 324  883 559 820500
=======================
